Block 0:
Data: Genesis Block
Timestamp: 1744449710.4717371
Nonce: 2184787
Hash: 0000090b99650990c7b70139ede55dd2cfd56ade2727627a9c542601f0226f61
PrevHash: 0

Block 1:
Data: Block 1 Data
Timestamp: 1744449713.767008
Nonce: 1998283
Hash: 0000079751f5a310fa6b09691a2bfaa2031eca50cbca2db3a2ce87567648751f
PrevHash: 0000090b99650990c7b70139ede55dd2cfd56ade2727627a9c542601f0226f61

Block 2:
Data: Block 2 Data
Timestamp: 1744449716.702204
Nonce: 804382
Hash: 00000c61a01a13c613a9211d3e24fb01f5ff5525481c86582dc82a8800b8b3a3
PrevHash: 0000079751f5a310fa6b09691a2bfaa2031eca50cbca2db3a2ce87567648751f

Block 3:
Data: Block 3 Data
Timestamp: 1744449717.8816938
Nonce: 705741
Hash: 00000fc34998f8ce1e2270cbcddfebf5607935fdff746a2298837b0d403ecd24
PrevHash: 00000c61a01a13c613a9211d3e24fb01f5ff5525481c86582dc82a8800b8b3a3

